0.00E+00	0.00E+00	0.00E+00	0.00E+00
0.00E+00	0.00E+00	0.00E+00	0.00E+00
0.00E+00	0.00E+00	0.00E+00	0.00E+00
0.00E+00	0.00E+00	0.00E+00	0.00E+00
0.00E+00	0.00E+00	0.00E+00	0.00E+00
0.00E+00	0.00E+00	0.00E+00	0.00E+00
0.00E+00	0.00E+00	0.00E+00	0.00E+00
0.00E+00	0.00E+00	0.00E+00	0.00E+00
0.00E+00	0.00E+00	0.00E+00	0.00E+00
0.00E+00	0.00E+00	0.00E+00	0.00E+00
-2.47E+00	7.52E-02	1.60E-04	0.00E+00
-5.47E+01	2.83E+00	-3.70E-02	1.69E-04
-1.15E+02	7.18E+00	-1.04E-01	5.25E-04
-2.02E+01	7.52E+00	-9.73E-02	5.26E-04
3.44E+02	3.18E+00	-3.31E-02	3.12E-04
5.49E+02	1.51E+01	-9.66E-02	5.14E-04
1.03E+03	2.79E+01	-1.52E-01	6.49E-04
1.06E+03	5.31E+01	4.01E-02	-7.16E-04
1.10E+03	8.30E+01	3.06E-01	-2.62E-03
4.96E+02	1.47E+02	-1.10E-01	-1.35E-03
-1.44E+02	2.23E+02	-6.21E-01	1.90E-04
-1.11E+03	2.77E+02	-5.74E-01	-1.07E-03
-2.28E+03	3.42E+02	-5.79E-01	-2.30E-03
-5.59E+03	4.72E+02	-1.43E+00	5.05E-04
-9.34E+03	6.19E+02	-2.41E+00	3.70E-03
-1.41E+04	7.76E+02	-3.43E+00	6.65E-03
-1.92E+04	9.42E+02	-4.54E+00	9.92E-03
-2.52E+04	1.13E+03	-6.00E+00	1.44E-02
-3.15E+04	1.33E+03	-7.56E+00	1.93E-02
-3.17E+04	1.29E+03	-6.63E+00	1.59E-02
-3.20E+04	1.26E+03	-5.72E+00	1.27E-02
-3.15E+04	1.21E+03	-5.00E+00	1.07E-02
-3.40E+04	1.27E+03	-5.44E+00	1.28E-02
-3.53E+04	1.27E+03	-5.05E+00	1.14E-02
-3.66E+04	1.26E+03	-4.70E+00	1.02E-02
-3.94E+04	1.33E+03	-5.26E+00	1.25E-02
-4.24E+04	1.40E+03	-5.96E+00	1.54E-02
-4.51E+04	1.45E+03	-6.32E+00	1.66E-02
-4.81E+04	1.51E+03	-6.84E+00	1.83E-02
-4.77E+04	1.46E+03	-6.18E+00	1.61E-02
-4.69E+04	1.38E+03	-5.30E+00	1.31E-02
-4.53E+04	1.30E+03	-4.46E+00	1.03E-02
-4.73E+04	1.34E+03	-4.77E+00	1.13E-02
-4.59E+04	1.24E+03	-3.65E+00	7.51E-03
-4.42E+04	1.13E+03	-2.42E+00	3.34E-03
-4.98E+04	1.31E+03	-4.49E+00	1.09E-02
-5.61E+04	1.51E+03	-6.88E+00	1.96E-02
-5.52E+04	1.42E+03	-5.67E+00	1.49E-02
-5.45E+04	1.34E+03	-4.53E+00	1.04E-02
-5.88E+04	1.48E+03	-6.29E+00	1.69E-02
-6.31E+04	1.62E+03	-8.01E+00	2.32E-02
-6.00E+04	1.50E+03	-6.91E+00	1.98E-02
-5.96E+04	1.46E+03	-6.53E+00	1.85E-02
-6.13E+04	1.49E+03	-6.96E+00	2.01E-02
-6.30E+04	1.52E+03	-7.39E+00	2.16E-02
-5.99E+04	1.38E+03	-5.84E+00	1.62E-02
-5.61E+04	1.22E+03	-4.09E+00	1.02E-02
-1.83E+04	-1.38E+02	9.56E+00	-2.14E-02
2.22E+04	-1.57E+03	2.39E+01	-5.51E-02
5.50E+04	-2.72E+03	3.53E+01	-8.05E-02
8.92E+04	-3.92E+03	4.70E+01	-1.07E-01
2.10E+04	-1.56E+03	2.32E+01	-5.13E-02
-5.08E+04	9.03E+02	-1.58E+00	7.31E-03
-6.03E+04	1.20E+03	-4.55E+00	1.42E-02
-6.98E+04	1.50E+03	-7.51E+00	2.10E-02
-7.11E+04	1.51E+03	-7.47E+00	2.02E-02
-7.33E+04	1.54E+03	-7.69E+00	2.03E-02
-3.16E+04	1.30E+02	6.39E+00	-1.69E-02
1.04E+04	-1.29E+03	2.05E+01	-5.42E-02
-4.13E+04	4.42E+02	2.45E+00	2.20E-05
-9.98E+04	2.35E+03	-1.72E+01	5.90E-02
-8.35E+04	1.82E+03	-1.14E+01	3.47E-02
-6.04E+04	1.10E+03	-3.84E+00	5.22E-03
-7.33E+04	1.47E+03	-7.48E+00	1.64E-02
-8.87E+04	1.91E+03	-1.17E+01	2.95E-02
-8.91E+04	1.90E+03	-1.17E+01	2.95E-02
-9.12E+04	1.95E+03	-1.21E+01	3.12E-02
-9.20E+04	1.96E+03	-1.22E+01	3.16E-02
-9.39E+04	2.00E+03	-1.26E+01	3.29E-02
-9.46E+04	1.99E+03	-1.24E+01	3.19E-02
-9.47E+04	1.95E+03	-1.19E+01	3.01E-02
-1.05E+05	2.29E+03	-1.55E+01	4.19E-02
-1.13E+05	2.52E+03	-1.81E+01	5.10E-02
-5.65E+04	8.46E+02	-1.89E+00	0.00E+00
-6.25E+04	9.55E+02	-2.42E+00	0.00E+00
-6.06E+04	9.09E+02	-2.22E+00	0.00E+00
-5.84E+04	8.58E+02	-2.00E+00	0.00E+00
-6.18E+04	9.10E+02	-2.22E+00	0.00E+00
-6.55E+04	9.67E+02	-2.47E+00	0.00E+00
-6.48E+04	9.46E+02	-2.38E+00	0.00E+00
-6.40E+04	9.23E+02	-2.29E+00	0.00E+00
-5.98E+04	8.38E+02	-1.92E+00	0.00E+00
-5.48E+04	7.42E+02	-1.49E+00	0.00E+00
-5.55E+04	7.39E+02	-1.47E+00	0.00E+00
-5.19E+04	6.68E+02	-1.16E+00	0.00E+00
-5.34E+04	6.86E+02	-1.25E+00	0.00E+00
-5.50E+04	7.08E+02	-1.35E+00	0.00E+00
-6.11E+04	8.10E+02	-1.81E+00	0.00E+00
-6.78E+04	9.22E+02	-2.30E+00	0.00E+00
-6.46E+04	8.54E+02	-1.98E+00	0.00E+00
-6.14E+04	7.84E+02	-1.66E+00	0.00E+00
-6.54E+04	8.55E+02	-2.00E+00	0.00E+00
-6.85E+04	9.10E+02	-2.28E+00	0.00E+00
-6.78E+04	8.73E+02	-2.05E+00	0.00E+00
-5.67E+04	6.72E+02	-1.17E+00	0.00E+00
-6.43E+04	7.98E+02	-1.73E+00	0.00E+00
-7.28E+04	9.40E+02	-2.35E+00	0.00E+00
-7.30E+04	9.37E+02	-2.35E+00	0.00E+00
-7.25E+04	9.26E+02	-2.32E+00	0.00E+00
-7.37E+04	9.39E+02	-2.37E+00	0.00E+00
-7.52E+04	9.56E+02	-2.44E+00	0.00E+00
-6.65E+04	8.13E+02	-1.89E+00	0.00E+00
-5.39E+04	6.11E+02	-1.11E+00	0.00E+00
-6.95E+04	8.38E+02	-1.94E+00	0.00E+00
-7.66E+04	9.34E+02	-2.27E+00	0.00E+00
-7.17E+04	8.56E+02	-1.99E+00	0.00E+00
-6.31E+04	7.20E+02	-1.49E+00	0.00E+00
-6.90E+04	8.01E+02	-1.79E+00	0.00E+00
-7.95E+04	9.55E+02	-2.36E+00	0.00E+00
-8.04E+04	9.60E+02	-2.37E+00	0.00E+00
-8.19E+04	9.74E+02	-2.41E+00	0.00E+00
-8.13E+04	9.78E+02	-2.50E+00	0.00E+00
-6.45E+04	7.33E+02	-1.64E+00	0.00E+00
-3.81E+04	3.13E+02	0.00E+00	0.00E+00
-3.80E+04	3.10E+02	0.00E+00	0.00E+00
-4.02E+04	3.26E+02	0.00E+00	0.00E+00
-4.28E+04	3.43E+02	0.00E+00	0.00E+00
-4.11E+04	3.27E+02	0.00E+00	0.00E+00
-3.93E+04	3.10E+02	0.00E+00	0.00E+00
3.19E+02	0.00E+00	0.00E+00	0.00E+00
-4.43E+04	3.43E+02	0.00E+00	0.00E+00
8.12E+01	0.00E+00	0.00E+00	0.00E+00
-3.87E+04	2.97E+02	0.00E+00	0.00E+00
1.31E+03	0.00E+00	0.00E+00	0.00E+00
1.15E+03	0.00E+00	0.00E+00	0.00E+00
9.82E+02	0.00E+00	0.00E+00	0.00E+00
8.10E+02	0.00E+00	0.00E+00	0.00E+00
6.69E+02	0.00E+00	0.00E+00	0.00E+00
5.28E+02	0.00E+00	0.00E+00	0.00E+00
3.50E+02	0.00E+00	0.00E+00	0.00E+00
1.72E+02	0.00E+00	0.00E+00	0.00E+00
0.00E+00	0.00E+00	0.00E+00	0.00E+00
0.00E+00	0.00E+00	0.00E+00	0.00E+00
0.00E+00	0.00E+00	0.00E+00	0.00E+00
0.00E+00	0.00E+00	0.00E+00	0.00E+00
0.00E+00	0.00E+00	0.00E+00	0.00E+00
0.00E+00	0.00E+00	0.00E+00	0.00E+00
0.00E+00	0.00E+00	0.00E+00	0.00E+00
0.00E+00	0.00E+00	0.00E+00	0.00E+00
0.00E+00	0.00E+00	0.00E+00	0.00E+00
0.00E+00	0.00E+00	0.00E+00	0.00E+00
